    2 1                    2    000000
    2 2                    3    000000
    2 3                    4    000000
    2 4                    3    000000
    2 5                    3    000000
    2 6                    4    000000
    4 1                    4    000000
    4 2                   10    000000
    4 3                   16    000000
    4 4                   10    000000
    4 5                   10    000000
    4 6                   20    000000
    8 1                    8    000000
    8 2                   36    000000
    8 3                   64    000000
    8 4                   36    000000
    8 5                   36    000000
    8 6                  120    000000
   16 1                   16    000000
   16 2                  136    000000
   16 3                  256    000000
   16 4                  136    000000
   16 5                  136    000000
   16 6                  816    000000
   32 1                   32    000000
   32 2                  528    000000
   32 3                 1024    000000
   32 4                  528    000000
   32 5                  528    000000
   32 6                 5984    000000
   64 1                   64    000000
   64 2                 2080    000000
   64 3                 4096    000000
   64 4                 2080    000000
   64 5                 2080    000000
   64 6                45760    000000
  128 1                  128    000000
  128 2                 8256    000000
  128 3                16384    000000
  128 4                 8256    000000
  128 5                 8256    000000
  128 6               357760    000000
  256 1                  256    000000
  256 2                32896    000000
  256 3                65536    000000
  256 4                32896    000000
  256 5                32896    000000
  256 6              2829056    000000
  512 1                  512    000000
  512 2               131328    000000
  512 3               262144    000000
  512 4               131328    000000
  512 5               131328    000000
  512 6             22500864    000000
 1024 1                 1024    000000
 1024 2               524800    000000
 1024 3              1048576    000000
 1024 4               524800    000000
 1024 5               524800    000000
 1024 6            179481600    000000
 2048 1                 2048    000000
 2048 2              2098176    000000
 2048 3              4194304    000000
 2048 4              2098176    000000
 2048 5              2098176    000000
 2048 6           1433753600    000000
 4096 1                 4096    000000
 4096 2              8390656    000000
 4096 3             16777216    000000
 4096 4              8390656    000000
 4096 5              8390656    000000
 4096 6          -1423265792    000000
 8192 1                 8192    000000
 8192 2             33558528    000000
 8192 3             67108864    000000
 8192 4             33558528    000000
 8192 5             33558528    000000
 8192 6           1465212928    000001
16384 1                16384    000000
16384 2            134225920    000000
16384 3            268435456    000002
16384 4            134225920    000000
16384 5            134225920    000000
16384 6          -1297432576    000001
