    2 1  0.000003
    2 2  0.000001
    2 3  0.000001
    2 4  0.000001
    4 1  0.000001
    4 2  0.000001
    4 3  0.000001
    4 4  0.000001
    8 1  0.000001
    8 2  0.000001
    8 3  0.000001
    8 4  0.000001
   16 1  0.000001
   16 2  0.000001
   16 3  0.000001
   16 4  0.000001
   32 1  0.000001
   32 2  0.000001
   32 3  0.000001
   32 4  0.000001
   64 1  0.000001
   64 2  0.000001
   64 3  0.000001
   64 4  0.000001
  128 1  0.000001
  128 2  0.000001
  128 3  0.000002
  128 4  0.000001
  256 1  0.000001
  256 2  0.000001
  256 3  0.000003
  256 4  0.000001
  512 1  0.000001
  512 2  0.000001
  512 3  0.000005
  512 4  0.000001
 1024 1  0.000001
 1024 2  0.000001
 1024 3  0.000012
 1024 4  0.000001
 2048 1  0.000001
 2048 2  0.000001
 2048 3  0.000017
 2048 4  0.000001
 4096 1  0.000001
 4096 2  0.000001
 4096 3  0.000033
 4096 4  0.000001
 8192 1  0.000001
 8192 2  0.000001
 8192 3  0.000068
 8192 4  0.000001
16384 1  0.000001
16384 2  0.000001
16384 3  0.000146
16384 4  0.000001
    2 1  0.000004
    2 2  0.000001
    2 3  0.000001
    2 4  0.000001
    4 1  0.000001
    4 2  0.000001
    4 3  0.000001
    4 4  0.000001
    8 1  0.000001
    8 2  0.000001
    8 3  0.000001
    8 4  0.000001
   16 1  0.000001
   16 2  0.000002
   16 3  0.000001
   16 4  0.000001
   32 1  0.000003
   32 2  0.000004
   32 3  0.000002
   32 4  0.000001
   64 1  0.000012
   64 2  0.000014
   64 3  0.000003
   64 4  0.000001
  128 1  0.000043
  128 2  0.000051
  128 3  0.000007
  128 4  0.000001
  256 1  0.000170
  256 2  0.000193
  256 3  0.000014
  256 4  0.000001
  512 1  0.000674
  512 2  0.000757
  512 3  0.000031
  512 4  0.000001
 1024 1  0.002743
 1024 2  0.003085
 1024 3  0.000067
 1024 4  0.000001
 2048 1  0.010850
 2048 2  0.012381
 2048 3  0.000143
 2048 4  0.000001
 4096 1  0.043216
 4096 2  0.048925
 4096 3  0.000247
 4096 4  0.000001
 8192 1  0.174004
 8192 2  0.192584
 8192 3  0.000707
 8192 4  0.000001
16384 1  0.677234
16384 2  0.769359
16384 3  0.001602
16384 4  0.000001
